1 0.500000000000000000000000000000
2 0.292893218813452475599155637896
3 0.254333095030249817754744760429
4 0.250000000000000000000000000000
5 0.207106781186547524400844362105
6 0.187680601147476864319898426192
7 0.174457630187009438959427204500
8 0.170540688701054438818560595676
9 0.166666666666666666666666666667
10 0.148204322565228798668007362743
11 0.142399237695800384587114500527
12 0.139958844038428028961026945453
13 0.133993513499008491414263236065
14 0.129331793710034021408259201773
15 0.127166547515124908877372380214
16 0.125000000000000000000000000000
17 0.117196742782948687473176894856
18 0.115521432463999509608513951182
19 0.112265437570996304738752306983
20 0.111382347512479750227357863499
21 0.106860212352064428580553201716
22 0.105665296756976756533092354860
23 0.102802323379784112346596984546
24 0.101381800431613524388964772877 
25 0.100000000000000000000000000000
26 0.096362339009887092432024697394
27 0.095420001747936516364270819029
28 0.093672833832785071755016932236
29 0.092463144040309496841524670049
30 0.091671057985988438718806599233
31 0.089338333351234633748802313039
32 0.087858157087794923008578158871
33 0.087230014135567983530352112436
34 0.085270344350527219409280297838
35 0.084290712122358459903667877331
36 0.083333333333333333333333333333
37 0.082089766428752816962342111380
38 0.081709776125419800616581793806
39 0.081367527046974026631769391643
40 0.079186752517282867898915819775
41 0.078450210116920559483053007213
42 0.077801502898165532306768693062
43 0.076339810579744074677200744991
44 0.075781986017897705750184232945
45 0.074727343686985328535051089524
46 0.074272199909420921796026120347
47 0.073113151270516836978943966705
48 0.072432291280497581081203202077
49 0.071692681703623580727975837865
50 0.071377103864521467530864106392
51 0.071043138115537018210695844271
52 0.070957693072547251836538973586
53 0.069947252562026650314667369460
54 0.068645540104688887910867652499
55 0.068055360558639717449689169779
56 0.067532596322265705546305516123
57 0.067004873106043976620256140932
58 0.066232983745862232302511874085
59 0.065807496903601046306129157869
60 0.065030412648295594469592436244
61 0.064666268906273511710193139988
62 0.064252183294482911181458806768
63 0.064011528204864918571082299195
64 0.063458986813059169965842890472
65 0.063203957071856799974346494473
66 0.062862256903173650552663945791
67 0.062587429542203145161916665184
68 0.062520077997967509748911370819
69 0.061383571685582519393723042252
70 0.060596693631158157824224372564
71 0.060096531351830846614976309881
72 0.059801002126807327595495341667
73 0.059366050583080470834219283052
74 0.059082376336698616287994709302
75 0.058494535281249486795264924005
76 0.058198524936106167091962265813
77 0.057852577916326407945864081743
78 0.057702476734813469658915612215
79 0.057508497795177150643081806966
80 0.057370684146686868321824625645
81 0.056869921111948347401531481988
82 0.056512271650043116731600865688
83 0.056129373021650586640744529302
84 0.055856665888395536647508143405
85 0.055680181768308628605760305535
86 0.055572999412015161187514147010
87 0.054695259720704525732612598175
88 0.054406636912959447376712741080
89 0.053947040858284291446539903179
90 0.053749948306745947917965570800
91 0.053496719884488436041701634807
92 0.053317085175963914631383351067
93 0.052926433388240551617979070855
94 0.052795362726845093818338316930
95 0.052420366495943589361713667424
96 0.052275425469925719068554307283
97 0.052114795502244668305008905267
98 0.052032987702942098030211872968
99 0.051978606449505864308001821124
100 0.051401071774381815590184511455
